ILA       24.764   121.756     7.000     35450
ENT       24.637   121.574   280.000    325723
EGS       24.842   121.944     3.000     41700
TWA       24.978   121.592   260.000     68443
TWC       24.608   121.859    20.000    263705
TWE       24.718   121.683    20.000    223985
TWU       24.876   121.542   330.000     26428
TWCP      24.597   121.857     0.000       380
NPL       24.938   121.712   180.000         5
NHD       24.902   121.553    60.000         2
SLBB      24.754   121.636   490.000     11041
TIPB      24.972   121.826   393.000     90282
NTC       24.854   121.830  -293.000     25853
NWL       24.777   121.502   200.000    102864
A027      25.000   121.501    30.000        70
A030      24.998   121.539     8.000       155
A033      24.978   121.538    18.000       110
A034      24.954   121.539    20.000       167
A035      24.922   121.546   100.000       220
A036      24.902   121.553    60.000        58
A053      24.959   121.525    45.000       157
A067      24.978   121.592   260.000         4
A072      24.991   121.659   145.000        89
A074      24.953   121.636   480.000        98
A085      24.938   121.712   180.000        78
A086      24.951   121.576   130.000        94
A113      24.982   121.692     0.000        57
A119      24.984   121.541     0.000        15
E001      24.881   121.843    10.000       711
E002      24.843   121.805    10.000       195
E003      24.796   121.790     2.000       118
E004      24.744   121.790     2.000       238
E005      24.697   121.812     2.000       338
E006      24.640   121.833     8.000       420
E007      24.593   121.854     5.000       698
E008      24.707   121.771     5.000       308
E010      24.618   121.790    45.000       243
E011      24.831   121.740   250.000         9
E012      24.779   121.742    12.000       120
E013      24.733   121.738    10.000       286
E014      24.693   121.727    20.000       239
E015      24.779   121.699   105.000       134
E016      24.748   121.691    35.000       248
E017      24.720   121.688    30.000       128
E018      24.680   121.688    50.000       177
E019      24.642   121.695   200.000       197
E020      24.754   121.635   100.000       227
E021      24.712   121.653    80.000        95
E022      24.667   121.650    90.000       119
E023      24.682   121.607   165.000       210
E024      24.660   121.619   300.000        32
E025      24.637   121.574   280.000        12
E026      24.673   121.773     3.000       414
E027      24.689   121.767     7.000       483
E028      24.754   121.755     5.000       377
E029      24.771   121.754     6.000       178
E030      24.726   121.764     4.000       254
E031      24.597   121.841    20.000       917
E032      24.622   121.836     5.000       781
E033      24.863   121.828     2.000       201
E034      24.802   121.814     3.000       155
E035      24.822   121.768    25.000       151
E036      24.787   121.760     4.000       152
E037      24.744   121.722    11.000       424
E038      24.719   121.743     9.000       356
E039      24.763   121.729    13.000       159
E040      24.772   121.798     2.000       266
E041      24.722   121.800     4.000       255
E042      24.688   121.799     4.000       389
E043      24.627   121.744   120.000       319
E044      24.654   121.763     7.000       265
E046      24.665   121.743    60.000       392
E047      24.643   121.794     2.000       442
E048      24.766   121.761     1.000       196
E049      24.764   121.756     7.000         5
E051      24.718   121.683    20.000         5
E052      24.608   121.859    20.000        16
E054      24.971   121.927    53.000        53
E055      24.736   121.817     2.000       439
E056      24.759   121.816     2.000       270
E057      24.805   121.751    95.000        70
E058      24.674   121.758     5.000       351
E059      24.666   121.829     8.000       504
E060      24.576   121.844     4.000       572
E061      24.521   121.834    15.000       586
E068      24.597   121.857     0.000       445
E069      24.842   121.944     2.000        19
E070      24.748   121.754    40.000       162
H105      24.839   121.528   210.000        87
H112      24.934   121.660   173.000        13
H123      24.934   121.547   177.000       129
H124      24.777   121.502   403.000         8
H125      24.837   121.648   435.000        80
H128      24.510   121.611  1860.000       308
H130      24.578   121.676   369.000        18
H131      24.591   121.811    87.000       480
H135      24.760   121.588   692.000       262
H152      25.000   121.569    71.000        84
H181      24.535   121.526   987.000       267
X014      24.603   121.872     2.000       146
X026      24.802   121.814     5.000        72
T039      24.755   121.758     5.000       106
T040      24.820   121.772    20.000        85
T041      24.593   121.835    20.000       385
TN08      24.510   121.610  1920.000       161
TN11      24.760   121.587   678.000       214
TN12      24.638   121.574   289.000       188
TN13      24.578   121.676   371.000       234
TN14      24.591   121.811   115.000       141
Z001      24.732   121.673   334.000       180
Z002      24.749   121.675    70.000       112
Z003      24.754   121.635   471.000        49
Z004      24.779   121.701    87.000        32
Z005      24.785   121.672   179.000       112
Z006      24.798   121.722    91.000        48
Z007      24.805   121.700   199.000        45
Z008      24.800   121.740    43.000       123
Z009      24.817   121.727   340.000        97
Z010      24.830   121.752    77.000       112
Z011      24.842   121.779   138.000        42
Z012      24.842   121.779   129.000        43
Z013      24.860   121.776   460.000        79
Z014      24.694   121.621   148.000       136
Z015      24.704   121.613   379.000       158
Z016      24.689   121.595   289.000       184
Z017      24.674   121.584   435.000       219
Z018      24.668   121.564   275.000        61
Z019      24.647   121.633   191.000       235
Z020      24.642   121.687   175.000       203
Z021      24.657   121.707   141.000       183
Z022      24.648   121.739    42.000       173
Z023      24.592   121.844     7.000        33
Z024      24.722   121.825    17.000        14
Z025      24.743   121.815    14.000         4
Z026      24.769   121.812    14.000        17
Z027      24.796   121.818    21.000        16
Z028      24.821   121.821    18.000         6
Z029      24.842   121.820    16.000        11
Z030      24.859   121.832    15.000         7
Z031      24.726   121.791     7.000        29
Z032      24.746   121.776    11.000        19
Z033      24.770   121.787     9.000        16
Z034      24.796   121.791     7.000        11
Z035      24.811   121.791     9.000        13
Z036      24.833   121.800    10.000        18
Z037      24.861   121.803    41.000        31
Z038      24.737   121.753    21.000        16
Z039      24.760   121.743    18.000        15
Z040      24.779   121.752    15.000         5
Z041      24.795   121.767    11.000        13
Z042      24.813   121.760    21.000        26
Z043      24.718   121.728    23.000        29
Z044      24.731   121.701    27.000        62
Z045      24.743   121.722    18.000        26
Z046      24.755   121.701    27.000       166
Z047      24.769   121.726    29.000        26
Z048      24.626   121.628   237.000       111
Z049      24.700   121.680    62.000       101
Z050      24.620   121.681   157.000       242
Z051      24.605   121.639   286.000        39
Z052      24.611   121.689   165.000       167
Z053      24.660   121.669   162.000       211
Z054      24.656   121.617   153.000        38
Z055      24.633   121.723    74.000       119
Z056      24.655   121.647   113.000        61
Z057      24.614   121.712   154.000       219
Z058      24.606   121.747   106.000        78
Z059      24.621   121.767    44.000       116
Z060      24.608   121.818    29.000        71
Z061      24.665   121.592   177.000        83
Z062      24.591   121.812    80.000       143
Z063      24.703   121.640   222.000       160
Z064      24.679   121.610   146.000        90
Z065      24.599   121.531   355.000       120
Z066      24.715   121.667    64.000       107
Z067      24.686   121.666    80.000        87
Z068      24.673   121.713    44.000        67
Z069      24.678   121.635   122.000        43
Z070      24.666   121.800     4.000        22
Z071      24.667   121.679    64.000        82
Z072      24.709   121.703    36.000        28
Z073      24.656   121.579   197.000        98
Z074      24.717   121.640   121.000        69
Z075      24.635   121.562   363.000       132
Z076      24.697   121.813     3.000        30
Z077      24.640   121.833     7.000        11
Z078      24.707   121.771    10.000        16
Z079      24.627   121.795     8.000        37
Z080      24.693   121.727    27.000        37
Z081      24.680   121.688    57.000        73
Z082      24.673   121.773    17.000         3
Z083      24.689   121.767    18.000        28
Z084      24.622   121.835     8.000        26
Z085      24.687   121.799     6.000        15
Z086      24.626   121.744    41.000       150
Z087      24.653   121.762    13.000        33
Z088      24.665   121.742    48.000        95
Z089      24.644   121.794     6.000        48
Z090      24.664   121.829     4.000        19
Z091      24.728   121.719    31.000        19
Z092      24.721   121.688    48.000        20
Z093      24.707   121.748    26.000         9
Z094      24.695   121.660    89.000        34
Z095      24.690   121.742    21.000        30
Z096      24.688   121.705    49.000        44
Z097      24.674   121.652    97.000        56
Z098      24.668   121.626   129.000        33
Z099      24.668   121.627   127.000        17
Z100      24.657   121.606   160.000        61
Z101      24.640   121.580   203.000        34
Z102      24.623   121.549   397.000        59
Z103      24.609   121.541   308.000        51
Z104      24.704   121.829    17.000        11
Z105      24.710   121.804    14.000        13
Z106      24.688   121.833    11.000         7
Z107      24.677   121.814    10.000        23
Z108      24.661   121.835    11.000         9
Z109      24.652   121.819    10.000        22
Z110      24.614   121.848     7.000        20
Z111      24.629   121.808    15.000         8
CT12 24.98987 121.52252 15
CT13 24.97814 121.57337 76
CT15 24.9735 121.4971 160
CT16 24.95599 121.52073 37
KE21 24.98548 121.88193 125
KM01 24.98697 121.97238 22
KM02 24.96478 121.91959 34
KM03 24.9285 121.88018 95
KM04 24.90057 121.84702 167
KM05 24.86463 121.77364 582
KM06 24.848194 121.828583 6
KM07 24.83902 121.73671 361
KM08 24.80891 121.77886 6
KM09 24.80223 121.81279 23
KM10 24.80993 121.69561 503
KM11 24.78739 121.73457 41
KM12 24.76431 121.77496 13
KM13 24.73987 121.81789 6
KM14 24.77518 121.61422 845
KM15 24.77231 121.67166 447
KM16 24.7549 121.69597 24
KM17 24.73214 121.74782 20
KM18 24.7032 121.80536 2
KM19 24.68393 121.83504 11
KM20 24.74862 121.61453 392
KM21 24.71358 121.65118 83
KM22 24.69668 121.69283 40
KM23 24.67683 121.73234 18
KM24 24.646598 121.777925 23
KM25 24.63366 121.82146 6
KM26 24.6045 121.87925 34
KM27 24.70322 121.58484 720
KM28 24.67484 121.63246 135
KM29 24.64436 121.68073 494
KM30 24.63239 121.71915 53
KM31 24.61683 121.75493 87
KM32 24.591156 121.81114 169
KM33 24.57989 121.83583 23
KM34 24.84124 121.95269 389
PN04 24.97245 121.79557 482
PN05 24.94714 121.84008 658
PN07 24.97651 121.68154 256
PN08 24.9564 121.71889 492
PN09 24.93434 121.76529 760
PN10 24.897907 121.792838 1018
PN11 24.95742 121.61162 352
PN12 24.9362 121.6506 218
PN13 24.91267 121.70276 341
PN14 24.89497 121.74314 290
PN15 24.9361 121.548 173
PN16 24.90179 121.60255 380
PN17 24.88384 121.65122 694
PN18 24.84988 121.68667 1087
PN19 24.84799 121.60991 346
WU02 24.91574 121.47451 286
WU03 24.89834 121.5233 342
WU04 24.87703 121.5644 914
WU08 24.85706 121.48489 634
WU10 24.83935 121.52839 250
WU11 24.82032 121.58925 540
WU16 24.79581 121.49333 374
WU17 24.77098 121.5385 568
WU18 24.75968 121.58753 692
WU19 24.7535 121.49611 717
